=== RL Portfolio Metrics ===
cumulative_return   :  0.906785
annual_return       :  0.267558
annual_vol          :  0.144883
sharpe              :  1.846716
max_drawdown        : -0.168077

=== Equal-Weight Benchmark Metrics ===
cumulative_return   :  1.026699
annual_return       :  0.296278
annual_vol          :  0.161724
sharpe              :  1.831996
max_drawdown        : -0.181154

=== S&P 500 Benchmark Metrics ===
cumulative_return   :  0.673820
annual_return       :  0.208311
annual_vol          :  0.151526
sharpe              :  1.374757
max_drawdown        : -0.189022
